Charter Graham
Historical Performance (continued)
Month
Monthly
Return
%
NAV/Unit $	Qrtly Return %	Annual Return %	12 Mo. Holding Period %	24 Mo. Holding Period %
12.42			38.77	16.84
11.77-	5.94		14.38	14.16
11.94			8.25	23.47
12.14			8.59	22.26
12.07	2.55		1.09	25.86
10.99			1.57	9.46
10.68			3.79	18.40
11.11	(7.95)	(0.63)	(0.63)	20.37
11.25			(3.85)	20.32
11.66			(6.65)	30.57
11.45	3.06		3.06	27.36
10.18			(8.54)	18.65
9.96			(19.81)	11.28
9.49	(17.12)		(19.37)	(7.77)
8.99			(24.71)	(18.50)
8.78			(27.68)	(21.47)
8.87	(6.53)		(26.51)	(25.71)
9.48			(13.74)	(12.38)
10.41			(2.53)	1.17
10.52	18.60	(5.31)	(5.31)	(5.90)
10.05			(10.67)	(14.10)
10.05			(13.81)	(19.54)
9.67	(8.08)		(15.55)	(12.96)
9.18			(9.82)	(17.52)
9.30			(6.63)	25.12)
9.68	0.10		2.00	(17.76)
9.65			7.34	(19.18)
9.77			11.28	(19.52)
10.24	5.79		15.45	(15.16)
9.83			3.69	(10.56
10.48			0.67	(1.87)
10.46	2.15	(0.57)	(0.57)	(5.85)
11.14			10.85	(0.98)
10.98			9.25	(5.83)
11.29	7.93		16.75	(1.40)
11.82			28.76	16.11
10.92			17.42	9.64
10.67	(5.49)		10.23	12.43
10.24			6.11	13.90
10.08			3.17	14.81
10.04	(5.90)		(1.95)	13.19
10.08			2.54	6.33
10.13			(3.34)	(2.69)
10.21	1.69	(2.39)	(2.39)	(2.95)
10.59			(4.94)	5.37
9.79			(10.84)	(2.59)
9.34	(8.52)		(17,27)	(3.41)
9.85			(16.67)	7.30
10.34			(5.31)	11.18
10.52	12.63		(1.41)	8.68
10.31			0.68	6.84
10.16			0.79	3.99
10.89	3.52		8.47	6.35
11.10			10.12	12.92
11.33			11.85	8.11
11.27	3.49	10.38	10.38	7.74
11.65			10.01	4.58
12.53	11.18	11.18	27.99	14.12
May-03 Jun-03 Jul-03 Aug-03 Sep-03 Oct-03 Nov-03 Dec-03 Jan-04 Feb-04 Mar-04 Apr-04 May-04 Jun-04 Jul-04 Aug-04 Sep-04 Oct-04 Nov-04 Dec-04 Jan-05 Feb-05 Mar-05 Apr-05 May-05 Jun-05 Jul-05 Aug-05 Sept-05 Oct-05 Nov-05 Dec-05 Jan-06 Feb-06 Mar-06 Apr-06 May-06 Jun-06 Jul-06 Aug-06 Sep-06 0ct-06 Nov-06 Dec-06 Jan-07 Feb-07 Mar-07 Apr-07 May-07 Jun-07 Jul-07 Aug-07 Sep-07 Oct-07 Nov-07 Dec-07 Jan-08 Feb-08
11.59 (5.23) 1.44 1.68 (0.58) (8.95) (2.82) 4.03 1.26 3.64 (1.80) (11.09) (2.16) 4.72) (5.27 (2.34 1.03 6.88 9.81 1.06 (4.47) 0.00 (3.78) (5.07) 1.31 4.09 (0.31) 1.24
4.81 (4,00)
6.61 (0.19) 6.50
(1.44)
2.82 4.69 (7.61) (2.29) (4.03) 1.56)
(0.40) 0.40 0.50 0.79 3.72 (7.55) (4.60) 5.46 4.97 1.74 (2.00)
(1.45) 7.19 1.93 2.07 (0.53) 3.37 7.55
Compounded Annual ROR: Standard Deviation of Monthly Returns:
2.54% 5.25%
PAST PERFORMANCE IS NOT NECESSARILY INDICATIVE OF FUTURE RESULTS.
168