Charter Graham
Historical Performance (continued)
Month
Monthly
Return %
NAV/Unit $
Qrtly
Return
%
Annual
Return
%
12 Mo. Holding
Period
%
24 Mo. Holding
Period
%
Jul-03 Aug-03 Sep-03 0ct-03 Nov-03 Dec-03 Jan-04 Feb-04 Mar-04 Apr-04 May-04 Jun-04 Jul-04 Aug-04 Sep-04 0ct-04 Nov-04 Dec-04 Jan-05 Feb-05 Mar-05 Apr-05 May-05 Jun-05 Jul-05 Aug-05 Sep-05 0ct-05 Nov-05 Dec-05 Jan-06 Feb-06 Mar-06 Apr-06 May-06 Jun-06 Jul-06 Aug-06 Sep-06 0ct-06 Nov-06 Dec-06 Jan-07 Feb-07 Mar-07 Apr-07 May-07 Jun-07 Jul-07 Aug-07 Sep-07 Oct-07 Nov-07 Dec-07 Jan-08 Feb-08
1.91 4.64 5.27 5.84 0.30
3.96 (0.14)
7.10 5.01 9.98 3.69 8.16 4.89
4.33 0.54 7.95 4.32 3.88
7.72 4.71 3.95 9.20 8.40 1.91 (5.49)
2.30 (0.62) (4.27)
5.97 (2.60) 2.16 (3.05) 6.16
14.15 4.03 7.78
4.73 2.95
1.34 0.36 0.48
3.76 2.42 6.40 2.16
4.11
6.31 3.27
5.74 6.44 5.17
6.77 (4.39) 2.83 5.29 7.80
(5:74) (6.44)
23.50 22.41
21.23 19.99
19.93 20.72 20.69 22.16 21.05 18.95
18.25 16.76
15.94 16.63
16.72 18.05 18.83
19.56 18.05 17.20 16.52 15.00
16.26
16.57
15.66 16.02 15.92
15.24 16.15
15.73 16.07
15.58 16.54 18.88 18.12 16.71 15.92 16.39 16.61
16.67 16.75 17.38 17.80 16.66 16.30 16.97 18.04
18.63 17.56 16.43 17.28 18.45
17.64 18.14 19.10
20.59
(7.94)
(2.40)
1.59
(20.38)
(0.24)
16.99
(15.54)
0.30
(3.92)
(1.19)
5.15
1.03
(0.60)
4.64
(6.21)
14.29
(7.25)
4.98 13.51
(5.13)
(5.60)
(19.58)
10.49
4.37 13.51
12.23 3.51 (4.97) (2.11) (3.02 (5.13
(15.96)
i 19.42'
15.16 25.83 30.98 27.32
32.17 25.79 21.24) (9.70) (5.52) (5.60
(12.76 (22.38 (21.52 (20.84) (10.90 (1.13 (1.76 (3.67 (4.78 (15.57 14.23 (19.58
(10.97) (9.42) 0.12
25.87 11.44 0.84 1.66 2.31 4.33 9.38 3.72 10.49 10.77 6.93 (1.45 (10.12 (0.44 11.49 10.30 0.24 4.03 10.68 5.31 4.37 7.30 23.59
37.59 25.34 20.28
5.32 13.89 22.46
20.29 31.83
25.30
11.60 0.72
16.95) 23.88) (23.19) (25.16) (11.61) (8.37) (10.44 26.69] 37.45) 33.41) 41.29) 38.50)
28.14) 33.36) 28.51 25.01) 23.76 18.97 24.08 22.33) 29.69) 21.43) (0.37 (0.71) 0.30) 0.13 1.441 0.66) 7.65
11.05)
11.15) 1.39) 3.14}
(1.33) 13.13 10.95 12.43 12.13 2.56 8.54 21.06 9.23 15.32 18.86 32.16
Compounded Annual ROR: Standard Deviation of Monthly Returns:
5.29% 6.16%
PAST PERFORMANCE IS NOT NECESSARILY INDICATIVE OF FUTURE RESULTS.
174