Charter Graham
Historical Performance (continued)
Month
Monthly
Return
%
NAV/Unit $	Qrtly Return %	Annual Return %	12 Mo. Holding Period %	24 Mo. Holding Period %
19.17	32.66		32.30	107.92
17.78			12.39	87.36
17.19			25.93	55.42
18.84	(1.72)	36.82	36.82	50.12
20.42			45.96	66.02
22.18			63.81	74.37
20.04	6.37		52.86	45.32
20.14			67.14	63.47
21.99			73.29	77.05
20.42	1.90		41.31	65.48
20.04			19.64	68.40
20.53			14.69	62.68
18.24	(10.68)		(4.85)	25.88
20.07			12.88	26.86
20.52			19.37	50.33
21.88	19.96	16.14	16.14	58.90
22.13			8.37	58.18
23.93			7.89	76.74
23.77	8.64		18.61	81.31
21.35			6.01	77.18
20.50			(6.78)	61.54
19.50	(17.96)		(4.51)	34.95
18.47			(7.83)	10.27
18.43			(10.23)	2.96
18.89	(3.13)		3.56	(1.46)
20.13			0.30	13.22
21.28			3.70	23.79
22.16	17.31	1.28	1.28	17.62
20.01			(9.58)	(2.01)
19.69			(17.72)	(11.23)
19.31	(12.86)		(18.761	. (3.64)
17.42			[18.41]	(13.51)
17.66			(13.85)	(19.69)
18.55	(3.94)		(4.87	(9.16)
18.15			1.73)	(9.43)
18.20			1.25	(11.35)
18.88	1.78		(0.05)	3.51
18.79			(6.66	(6.38)
19.08			(10.34	(7.02
18.60	(1.48)	(16.06)	(16.06	(14.99)
18.86			(5.75)	(14.78)
18.71			(4.98)	(21.81)
19.24	3.44		(0.36)	(19.06
20.50			17.68	(3.98
19.87			12.51	(3.07)
19.63	2.03		5.82	0.67
19.11			5.29	3.47
18.61			2.25	0.98
18.88	(3.82)		0.00	(0.05}
19.03			1.28	(5.46)
19.29			1.10	(9.35)
19.46	3.07	4.62	4.62	(12.18)
19.18			1.70	(4.15)
18.02			(3.69)	(8.48
17.41	(10.53)		(9.51	(9,84)
18.44			(10.05)	5.86
20.90			5.18	18.35
22.20	27.51		13.09	19.68
21.46			12.30	18.24
20.63			10.85	13.35
21.46	(3.33)		13.67	13.67
Sep-02 Oct-02 Nov-02 Dec-02 Tan-03 Feb-03 Mar-03 Apr-03 May-03 Jun-03 Jul-03 Aug-03 Sep-03 0ct-03 Nov-03 Dec-03 Jan-04 Feb-04 Mar-04 Apr-04 May-04 Jun-04 Jul-04 Aug-04 Sep-04 0ct-04 Nov-04 Dec-04 Jan-05 Feb-05 Mar-05 Apr-05 May-05 Jun-05 Jul-05 Aug-05 Sep-05 Oct-05 Nov-05 Dec-05 Tan-06 Feb-06 Mar-06 Apr-06 May-06 Jun-06 Jul-06 Aug-06 Sep-06 Oct-06 Nov-06 Dec-06 Jan-07 Feb-07 Mar-07 Apr-07 May-07 Jun-07 Jul-07 Aug-07 Sep-07
7.09 (7.25) (3.32) 9.60
8.39 8.62 (9.65) 0.50 9.19 (7.14) (1.86) 2.45
(11.15) 10.03 2.24 6.63 1.14
8.13 (0.67
(10.18 (3.98 (4.88 5.28) (0.22) 2.50 6.56 5.71
4.14 (9.70 (1.60 (1.93 (9.79 1.38 5.04 (2.16) 0.28 3.74 (0.48)
1.54 (2.52)
1.40 (0.80) 2.83
6.55 (3.07 (1.21 2.65 (2.62
1.45 0.79 1.37 0.88 (1.44 (6.05 (3.39 5.92 13.34 6.22 (3.33 (3.87 4.02
PAST PERFORMANCE IS NOT NECESSARILY INDICATIVE OF FUTURE RESULTS.
165