Pro Forma for Charter Aspect
Based on Aspect Diversified Program (continued)
Monlh
Feb-03 Mar-03 Apr-03 May-03 Jun-03 Jul-03 Aug-03 Sep-03 0ct-03 Nov-03 Dec-03 Jan-04 Feb-04 Mar-04 Apr-04 May-04 Jun-04 Jul-04 Aug-04 Sep-04 0ct-04 Nov-04 Dec-04 Jan-05 Feb-05 Mar-05 Apr-05 May-05 Jun-05 Jul-05 Aug-05 Sep-05 0ct-05 Nov-05 Dec-05 Jan-06 Feb-06 Mar-06 Apr-06 May-06 Jun-06 Jul-06 Aug-06 Sep-06 0ct-06 Nov-06 Dec-06 Jan-07 Feb-07 Mar-07 Apr-07 May-07 Jun-07 Jul-07 Aug-07 Sep-07 0ct-07 Nov-07 Dec-07 Jan-08 Feb-08
Monthly Return %	NAV/Unit $	Qrtly Return %	Annual Return %	12 Mo. Holding Period %
7.98	25.60			50.60
(7.60)	23.66	3.15		33.40
(1.98)	23.19			35.13
10.32	25.58			46.12
(3.60)	24.66	4.24		27.11
1.68	25.08			19.68
(1.07)	24.81			16.86
1.54	25.19	2.14		9.97
2.52	25.82			21.25
(1.42)	25.46			26.31
3.87	26.44	4.97	15.28	15.28
1.51	26.84			13.20
6.41	28.56			11.55
(5.79)	26.91	1.77		13.74
(8.071	24.74			6.68
(1.881	24.27			(5.12)
(8.48)	22.21	(17.45)		(9.931
(0.74)	22.05			(12.06)
0.31	22.12			(10.84)
0.17	22.16	(0.26)		(12.041
2.83	22.78			(11.761
4.68	23.85		(12.97)	(6.301
(3.52)	23.01	3.86		(12.971
(8.00)	21.17			(21.13)
3.61	21.93			(23.20)
0.94	22.14	(3.78)		(17.72)
(3.44)	21.38			(13.58)
4.12	22.26			(8.29)
3.98	23.14	4.54		4.19
(1.37)	22.83			3.52
3.75	23.68			7.08
0.08	23.70	2.41		6.98
(1.93)	23.25			2.03
5.32	24.48			2.65
(0.78)	24.29	2.49	5.57	5.57
1.98	24.77			17.02
(1.81)	24.32			10.90
5.14	25.58	5.28		15.52
5.90	27.08			26.69
(5.50)	25.60			14.99
(o.oi)	25.59	0.07		10.58
(5.07)	24.29			6.43
(1.151	24.01			1.40
(0.12)	23.98	(6.28)		1.19
4.33	25.02			7.64
(0.27)	24.96			1.93
5.26	26.27	9.51	8.13	8.13
2.96	27.04			9.17
(6.35)	25.33			4.15
(2.44)	24.72	(5.91)		(3.36)
4.17	25.75			(4.94)
6.44	27.40			7.07
4.11	28.53	15.44		11.48
(6.20)	26.76			10.16
(7.06)	24.87			3.58
5.03	26.13	(8.43)		8.92
6.85	27.92			11.57
(4.72)	26.60			6.58
2.91	27.37	4.77	4.21	4.21
5.45	28.86			6.70
9.06	31.48	15.00	15.00	24.26
24 Mo. Holding
Period
%
40.60 17.80 24.65 41.19 36.22
34.43 30.09 19.41 16.70 22.55
31.67 41.69 68.00 51.72 44.15 38.63
14.49 5.24 4.20 (3.27) 6.98
18.34 0.33 (10.71) (14.33) (6.42)
(7.81) (12.99)
(6.15)
(8.97) (4.53) (5.90)
(9.98)
(3.82) (8.13] (7.70)
(14.831 (4.95) 9.49 5.45
15.21 10.18
8.58 8.26 9.83
4.63 14.15 27.75
15.50 11.63
20.44 23.12 23.27 17.24
5.03
10.22 20.09
8.64
12.68
16.51 29.41
Compounded Annual ROR: Standard Deviation of Monthly Returns:_
7.93% 5.13%
PAST PERFORMANCE IS NOT NECESSARILY INDICATIVE OF FUTURE RESULTS.
176